E0016712_LF_LAT_ITS;1	0.28513	0.15457	0.13056	0.11503	0.54210	0.45790	4.03438	4.63183	0.08545	0.07451	0.02756	0.27572	58.11182	123.79357	96.22367	
E0016712_LT_LAT_ITS;1	0.22687	0.08043	0.14645	0.05768	0.35450	0.64550	3.45622	4.89554	0.08135	0.07234	0.02395	0.27470	75.62096	114.20380	73.37409	
E0016712_RF_LAT_ITS;1	0.23879	0.09188	0.14690	0.07712	0.38479	0.61521	3.58722	4.88382	0.07996	0.07399	0.02490	0.26785	78.79337	117.28625	79.00268	
E0016712_RT_LAT_ITS;1	0.27277	0.12617	0.14660	0.07448	0.46255	0.53745	3.86677	4.88704	0.08328	0.07303	0.02621	0.27249	74.42336	126.44904	91.41190	
E0016713_LF_LAT_ITS;1	0.21234	0.08356	0.12878	0.07110	0.39353	0.60647	3.62011	5.00552	0.07425	0.06630	0.02372	0.27037	90.17477	123.97580	82.35668	
E0016713_LT_LAT_ITS;1	0.20746	0.07752	0.12995	0.06474	0.37364	0.62636	3.56457	5.03964	0.07514	0.06699	0.02278	0.26400	96.44503	133.75967	88.04435	
E0016713_RF_LAT_ITS;1	0.23089	0.11163	0.11926	0.08912	0.48347	0.51653	3.68531	4.50974	0.08303	0.07383	0.02686	0.27505	56.14894	99.11614	71.21036	
E0016713_RT_LAT_ITS;1	0.18355	0.05702	0.12653	0.04706	0.31063	0.68937	3.06256	4.65069	0.08023	0.07282	0.02474	0.27262	63.78919	83.30493	51.39262	
E0016710_LT_LAT_ITS_230;1	0.38504	0.25068	0.13436	0.15456	0.65104	0.34896	3.55897	3.61119	0.11153	0.09580	0.04987	0.36004	24.85161	68.64077	58.22826	
E0016769_LT_LAT_ITS_230;1	0.46495	0.35773	0.10722	0.21948	0.76939	0.23061	3.62655	3.29107	0.12727	0.09862	0.05901	0.35676	16.64320	56.37925	52.50947	
E0016710_LF_LAT_ITS_230;1	0.35108	0.23316	0.11792	0.16910	0.66414	0.33586	3.52373	3.36623	0.10863	0.09974	0.04907	0.36384	17.09921	62.71365	54.20127	
E0016769_LF_LAT_ITS_230;1	0.36746	0.25865	0.10881	0.17332	0.70388	0.29612	3.61226	3.23184	0.11036	0.10243	0.04974	0.35814	14.56964	59.24656	54.35692	
E0016710_RT_LAT_ITS_230;1	0.36171	0.21309	0.14862	0.14855	0.58911	0.41089	3.52240	3.66502	0.10661	0.09865	0.04574	0.35913	26.79659	70.42739	59.22882	
E0016769_RT_LAT_ITS_230;1	0.38886	0.27274	0.11612	0.15017	0.70138	0.29862	3.61764	3.31411	0.11428	0.10078	0.05041	0.35873	16.87267	60.21798	55.52709	
E0016710_RF_LAT_ITS_230;1	0.32741	0.21653	0.11087	0.16248	0.66136	0.33864	3.48249	3.30710	0.10779	0.09877	0.04757	0.36352	17.87338	55.65856	51.28344	
E0016769_RF_LAT_ITS_230;1	0.02867	0.02709	0.00157	0.02176	0.94510	0.05490	0.96367	0.81777	0.19428	0.09122	0.15583	0.33248	0.00000	1.09378	0.74576	
E0016711_LT_LAT_ITS_230;1	0.31786	0.13284	0.18502	0.09440	0.41793	0.58207	3.20431	4.00931	0.09898	0.09714	0.04080	0.35630	41.48334	73.76534	54.74409	
E0016836_LT_LAT_ITS_230;1	0.38164	0.25094	0.13071	0.15800	0.65752	0.34248	3.60434	3.55403	0.11201	0.09748	0.04785	0.35196	20.29976	68.55519	60.12595	
E0016711_LF_LAT_ITS_230;1	0.30667	0.15329	0.15339	0.11948	0.49983	0.50017	3.27933	3.77731	0.10025	0.09673	0.04336	0.35734	32.49733	71.33371	54.98155	
E0016836_LF_LAT_ITS_230;1	0.35017	0.23557	0.11459	0.15607	0.67275	0.32725	3.52595	3.41347	0.11014	0.09692	0.04879	0.35301	18.86440	65.46906	55.29936	
E0016711_RT_LAT_ITS_230;1	0.33120	0.16691	0.16428	0.11164	0.50397	0.49603	3.26702	3.93052	0.10497	0.09413	0.04563	0.35460	37.01210	71.39390	56.43876	
E0016836_RT_LAT_ITS_230;1	0.40088	0.25631	0.14457	0.15169	0.63936	0.36064	3.59953	3.69831	0.11184	0.09571	0.04916	0.35765	25.89312	75.46209	62.04577	
E0016711_RF_LAT_ITS_230;1	0.31341	0.15461	0.15880	0.12683	0.49332	0.50668	3.32684	3.83316	0.09940	0.09615	0.04224	0.35663	33.97490	79.82323	59.87854	
E0016709_LF_LAT_ITS_230;1	0.36804	0.26387	0.10417	0.19711	0.71696	0.28304	3.68835	3.23556	0.10648	0.09983	0.04939	0.36202	14.77968	60.03885	57.45097	
E0016709_LT_LAT_ITS_230;1	0.35134	0.20874	0.14260	0.13224	0.59413	0.40587	3.52286	3.72914	0.10431	0.09355	0.04582	0.36002	31.26697	71.69447	59.73278	
E0016709_RF_LAT_ITS_230;1	0.39124	0.25218	0.13905	0.17699	0.64458	0.35542	3.66525	3.58659	0.10737	0.09837	0.04772	0.36209	23.63667	75.17313	64.94163	
E0016709_RT_LAT_ITS_230;1	0.38538	0.25688	0.12850	0.15206	0.66655	0.33345	3.55728	3.51665	0.11165	0.09750	0.05116	0.35922	23.06203	59.48061	51.90111	
E0016712_RF_LAT_ITS_230;1	0.32758	0.18235	0.14523	0.13879	0.55666	0.44334	3.48321	3.71978	0.10194	0.09585	0.04233	0.35746	28.69745	77.78770	61.29737	
E0016712_RT_LAT_ITS_230;1	0.35825	0.19669	0.16156	0.11820	0.54904	0.45096	3.41088	3.88723	0.10692	0.09463	0.04637	0.35911	34.50083	78.39578	59.07264	
E0016770_LF_LAT_ITS_230;1	0.40737	0.32367	0.08370	0.23182	0.79453	0.20547	3.73410	3.04154	0.11591	0.09778	0.05364	0.35742	10.70525	54.61393	56.27410	
E0016770_LT_LAT_ITS_230;1	0.42142	0.29510	0.12632	0.18055	0.70026	0.29974	3.69816	3.47663	0.11461	0.09720	0.05092	0.36672	19.11798	69.43044	61.82110	
E0016770_RF_LAT_ITS_230;1	0.37808	0.27043	0.10764	0.17973	0.71528	0.28472	3.62377	3.34351	0.11356	0.09664	0.05005	0.35282	16.62791	62.48494	58.71879	
E0016770_RT_LAT_ITS_230;1	0.44972	0.34911	0.10062	0.18617	0.77627	0.22373	3.75076	3.24840	0.11936	0.09715	0.05545	0.35790	14.41581	57.48019	55.87843	
E0016833_LF_LAT_ITS_230;1	0.34134	0.21866	0.12268	0.15858	0.64059	0.35941	3.42408	3.37632	0.11115	0.10171	0.04901	0.35946	19.52036	59.42545	48.57280	
E0016833_LT_LAT_ITS_230;1	0.36791	0.24638	0.12153	0.14699	0.66968	0.33032	3.49982	3.29261	0.11469	0.10572	0.05011	0.35709	16.52908	55.39921	50.24675	
E0016833_RF_LAT_ITS_230;1	0.34906	0.21425	0.13481	0.16427	0.61380	0.38620	3.46758	3.58216	0.10995	0.09756	0.04674	0.35759	24.25253	68.50984	56.97684	
E0016833_RT_LAT_ITS_230;1	0.40365	0.27174	0.13191	0.15634	0.67321	0.32679	3.55388	3.49445	0.11734	0.09952	0.05160	0.35869	19.40204	65.70914	57.24760	
E0016713_LT_LAT_ITS_230;2	0.33825	0.19162	0.14663	0.13145	0.56649	0.43351	3.44454	3.70250	0.10489	0.09626	0.04470	0.36260	30.42150	67.76788	54.19830	
E0016713_LF_LAT_ITS_230;2	0.34818	0.21958	0.12860	0.18014	0.63065	0.36935	3.54145	3.46316	0.10590	0.09987	0.04669	0.36382	20.77900	65.26331	58.07232	
E0016713_RT_LAT_ITS_230;1	0.29287	0.13510	0.15777	0.09561	0.46130	0.53870	3.16102	3.86717	0.10303	0.09488	0.04152	0.35035	34.47095	67.36066	49.33457	
E0016713_RF_LAT_ITS_230;1	0.32808	0.19954	0.12854	0.15236	0.60820	0.39180	3.45813	3.56501	0.10497	0.09521	0.04597	0.36266	22.60682	66.91521	55.24257	
E0016831_LF_LAT_ITS_230;1	0.38256	0.27314	0.10942	0.18955	0.71398	0.28602	3.57382	3.39605	0.11695	0.09439	0.05118	0.35552	16.67959	63.06969	55.59863	
E0016831_LT_LAT_ITS_230;1	0.48641	0.38477	0.10164	0.20516	0.79105	0.20895	3.80285	3.21680	0.12359	0.09677	0.05665	0.36331	12.52188	63.30159	61.22509	
E0016831_RF_LAT_ITS_230;1	0.35119	0.23866	0.11253	0.15572	0.67959	0.32041	3.41721	3.45873	0.12043	0.09353	0.04967	0.35579	18.99479	60.71463	50.57916	
E0016831_RT_LAT_ITS_230;1	0.49963	0.38137	0.11826	0.21694	0.76331	0.23669	3.77383	3.39911	0.12709	0.09696	0.05586	0.36217	15.41832	65.45513	60.10963	
E0016768_LF_LAT_ITS_230;1	0.30252	0.15812	0.14440	0.11975	0.52268	0.47732	3.28744	3.78528	0.10329	0.09353	0.04309	0.35135	31.05161	69.11571	52.68423	
E0016768_LT_LAT_ITS_230;1	0.38115	0.26526	0.11589	0.13850	0.69594	0.30406	3.33117	3.41167	0.12876	0.09613	0.05578	0.35895	18.48245	56.22067	45.31680	
E0016768_RF_LAT_ITS_230;1	0.40064	0.27506	0.12558	0.16235	0.68655	0.31345	3.52044	3.47008	0.12196	0.09923	0.05172	0.35466	19.34692	67.53630	55.68354	
E0016768_RT_LAT_ITS_230;1	0.44727	0.31518	0.13209	0.21329	0.70467	0.29533	3.51029	3.52244	0.12758	0.09742	0.05720	0.36367	20.66879	63.47197	51.67197	
E0016712_LF_LAT_ITS_230;1	0.33156	0.19201	0.13955	0.14543	0.57911	0.42089	3.37403	3.66221	0.10671	0.09751	0.04686	0.35013	28.37542	65.22507	51.78155	
E0016712_LT_LAT_ITS_230;1	0.31459	0.14804	0.16655	0.09051	0.47058	0.52942	3.24094	3.94788	0.10320	0.09359	0.04214	0.35876	36.22603	73.93572	56.21423	
E0016712_RF_LAT_ITS_230;2	0.32758	0.18235	0.14523	0.13879	0.55666	0.44334	3.48321	3.71978	0.10194	0.09585	0.04233	0.35746	28.69745	77.78770	61.29737	
E0016712_RT_LAT_ITS_230;2	0.35825	0.19669	0.16156	0.11820	0.54904	0.45096	3.41088	3.88723	0.10692	0.09463	0.04637	0.35911	34.50083	78.39578	59.07264	
E0016767_LF_LAT_ITS_230;1	0.33228	0.21577	0.11650	0.15251	0.64937	0.35063	3.35439	3.36997	0.11149	0.09875	0.05128	0.36052	19.44795	55.75079	46.53102	
E0016767_LT_LAT_ITS_230;1	0.32803	0.17493	0.15310	0.11937	0.53327	0.46673	3.35844	3.65131	0.10588	0.10228	0.04362	0.34994	26.46250	66.27991	53.99669	
E0016767_RF_LAT_ITS_230;1	0.37931	0.25332	0.12599	0.17737	0.66783	0.33217	3.61573	3.46228	0.11105	0.09841	0.04826	0.36212	18.08226	70.66793	61.36577	
E0016767_RT_LAT_ITS_230;1	0.37206	0.21608	0.15599	0.12980	0.58075	0.41925	3.52484	3.73151	0.10815	0.09771	0.04563	0.36425	27.73083	77.34224	60.12202	
E0016836_RF_LAT_ITS_230;1	0.36317	0.23378	0.12939	0.17124	0.64373	0.35627	3.57347	3.57869	0.11031	0.09580	0.04645	0.35665	21.23713	74.27436	62.06579	
E0016836_RT_LAT_ITS_230;1	0.40088	0.25631	0.14457	0.15169	0.63936	0.36064	3.59953	3.69831	0.11184	0.09571	0.04916	0.35765	25.89312	75.46209	62.04577	
E0016769_RF_LAT_ITS_230;2	0.34796	0.21759	0.13037	0.14939	0.62533	0.37467	3.44768	3.53970	0.11341	0.09797	0.04682	0.35475	22.07615	66.42665	55.74784	
